0.700976 
0.809676 
0.088795 
0.121479 
0.348307 
0.421962 
0.699805 
0.066384 
0.587482 
0.642966 
0.990603 
0.295718 
0.271337 
0.069656 
0.949639 
0.382175 
0.322710 
0.988366 
0.842522 
0.275314 
0.596627 
0.556420 
0.847908 
0.184624 
0.397470 
0.889763 
0.850481 
0.317730 
0.102968 
0.044900 
0.644991 
0.803944 
0.854577 
0.733787 
0.925424 
0.202884 
0.155749 
0.625229 
0.269268 
0.743231 
0.268195 
0.259871 
0.038949 
0.539532 
0.329527 
0.988589 
0.921707 
0.652237 
0.976954 
0.764229 
0.927551 
0.573581 
0.320650 
0.775459 
0.758204 
0.718120 
0.665222 
0.608685 
0.035849 
0.768191 
0.653586 
0.680841 
0.572135 
0.508162 
0.414627 
0.497559 
0.711046 
0.570376 
0.122788 
0.980314 
0.313607 
0.390983 
0.240185 
0.352556 
0.930515 
0.569712 
0.341145 
0.852223 
0.221950 
0.318099 
0.616452 
0.149501 
0.891680 
0.937102 
0.924961 
0.649884 
0.655222 
0.590183 
0.258569 
0.691071 
0.358374 
0.912155 
0.371912 
0.930509 
0.420317 
0.786539 
0.428067 
0.131363 
0.356915 
0.550855 
0.111677 
0.670521 
0.941838 
0.351863 
0.023077 
0.872354 
0.921575 
0.364222 
0.724577 
0.143525 
0.682321 
0.341029 
0.293026 
0.574001 
0.278131 
0.217986 
0.223885 
0.933352 
0.808169 
0.482454 
0.624423 
0.166543 
0.394609 
0.996335 
0.097051 
0.814927 
0.782874 
0.525119 
0.946290 
0.139788 
0.075974 
0.057968 
0.810310 
0.017812 
0.409830 
0.833387 
0.890166 
0.331405 
0.197609 
0.614742 
0.474929 
0.879931 
0.955771 
0.767955 
0.453931 
0.233902 
0.985941 
0.677817 
0.167254 
0.794111 
0.160271 
0.791678 
0.960654 
0.554880 
0.788013 
0.057705 
0.369807 
0.570887 
0.582824 
0.316097 
0.710675 
0.658798 
0.374065 
0.520985 
0.676610 
0.783895 
0.354372 
0.566775 
0.115300 
0.551981 
0.181518 
0.590229 
0.431912 
0.137289 
0.358184 
0.885843 
0.371191 
0.344126 
0.563660 
0.538445 
0.138237 
0.723931 
0.330123 
0.098890 
0.278811 
0.118136 
0.156595 
0.648618 
0.689022 
0.739419 
0.964716 
0.399697 
0.398217 
0.338780 
0.920682 
0.074827 
0.122675 
0.275054 
0.641602 
0.237975 
0.827035 
0.823119 
0.828204 
0.258947 
0.960408 
0.186389 
0.144790 
0.331599 
0.530515 
0.708450 
0.870043 
0.668751 
0.432380 
0.200166 
0.767642 
0.711192 
0.318302 
0.924237 
0.359810 
0.007324 
0.663656 
0.324525 
0.407021 
0.061873 
0.663306 
0.327703 
0.136700 
0.785981 
0.602756 
0.778301 
0.023956 
0.429791 
0.601421 
0.852161 
0.688738 
0.561829 
0.038550 
0.833528 
0.893428 
0.569064 
0.541977 
0.763471 
0.237816 
0.974358 
0.963637 
0.005457 
0.685549 
0.281939 
0.929694 
0.045359 
0.289263 
0.593350 
0.369884 
0.696284 
0.655223 
0.033190 
0.023987 
0.791923 
0.819171 
0.626743 
0.570224 
0.843128 
0.056534 
0.171645 
0.695288 
0.745272 
0.733474 
0.733838 
0.578799 
0.626902 
0.302902 
0.120776 
0.390373 
0.540718 
0.095134 
0.354011 
0.546175 
0.780683 
0.635950 
0.475870 
0.826042 
0.925213 
0.069220 
0.195927 
0.621496 
0.724443 
0.229117 
0.645483 
0.516366 
0.048288 
0.272226 
0.086591 
0.891416 
0.328760 
0.258236 
0.586704 
0.074031 
0.991710 
0.320542 
0.652830 
0.618612 
0.623445 
0.773607 
0.008986 
0.164163 
0.868741 
0.362996 
0.710338 
0.649424 
0.998946 
0.186208 
0.475466 
0.924158 
0.255428 
0.671393 
0.545655 
0.979871 
0.900510 
0.191138 
0.496237 
0.948799 
0.463364 
0.582828 
0.840215 
0.792123 
0.841064 
0.426919 
0.866154 
0.832774 
0.747461 
0.518985 
0.451386 
0.370906 
0.292591 
0.460372 
0.535069 
0.161332 
0.823368 
0.245407 
0.810756 
0.822314 
0.431615 
0.286222 
0.746472 
0.687043 
0.957616 
0.292127 
0.666914 
0.858126 
0.483265 
0.163151 
0.806924 
0.946628 
0.745978 
0.647139 
0.738751 
0.587042 
0.074058 
0.604906 
0.419816 
0.821519 
0.123891 
0.871202 
0.192425 
0.416482 
0.331574 
0.727494 
0.577814 
0.154942 
0.972902 
0.388570 
0.977256 
0.404517 
0.674793 
0.723729 
0.091560 
0.632408 
0.015856 
0.758474 
0.490534 
0.499120 
0.921624 
0.297458 
0.445749 
0.667603 
0.944597 
0.184500 
0.254645 
0.018655 
0.789406 
0.674461 
0.840174 
0.913296 
0.545663 
0.032599 
0.329778 
0.877237 
0.760094 
0.907592 
0.032180 
0.732996 
0.296163 
0.009436 
0.137513 
0.970955 
0.733165 
0.229073 
0.603364 
0.749020 
0.987546 
0.093898 
0.248141 
0.909170 
0.391356 
0.693889 
0.576773 
0.335953 
0.878389 
0.831418 
0.354607 
0.667795 
0.505878 
0.194781 
0.581092 
0.051541 
0.227380 
0.910870 
0.928778 
0.987474 
0.818463 
0.960958 
0.720470 
0.114625 
0.970394 
0.857982 
0.085580 
0.703558 
0.087055 
0.688944 
0.452579 
0.074601 
0.782842 
0.700719 
0.983772 
0.174197 
0.394609 
0.560545 
0.510150 
0.272998 
0.391962 
0.864757 
0.940794 
0.897841 
0.059539 
0.521885 
0.949382 
0.286919 
0.432756 
0.878160 
0.274393 
0.251218 
0.839118 
0.994863 
0.365843 
0.809511 
0.852845 
0.451424 
0.513070 
0.939900 
0.140368 
0.965648 
0.014502 
0.923210 
0.666368 
0.998273 
0.097407 
0.060977 
0.558818 
0.607557 
0.333975 
0.950780 
0.472314 
0.274768 
0.848621 
0.531853 
0.796654 
0.798003 
0.818772 
0.229410 
0.676162 
0.093165 
0.480628 
0.515280 
0.088028 
0.846471 
0.324791 
0.940874 
0.297895 
0.837861 
0.880774 
0.438263 
0.803509 
0.895276 
0.361473 
0.469877 
0.893549 
0.458879 
0.530853 
0.452367 
0.066436 
0.864828 
0.403147 
0.538750 
0.139597 
0.251768 
0.070603 
0.936251 
0.049770 
0.889375 
0.165660 
0.725933 
0.982540 
0.646288 
0.241213 
0.070568 
0.492759 
0.566004 
0.011442 
0.790655 
0.403865 
0.892216 
0.228918 
0.207374 
0.787492 
0.590391 
0.677251 
0.681040 
0.049270 
0.208104 
0.133407 
0.115706 
0.072933 
0.536554 
0.654457 
0.212529 
0.788322 
0.725060 
0.148780 
0.838092 
0.614434 
0.314440 
0.564024 
0.596975 
0.960729 
0.805237 
0.667543 
0.453488 
0.371241 
0.678985 
0.244143 
0.775106 
0.571201 
0.473061 
0.982480 
0.358692 
0.063451 
0.659731 
0.039733 
0.112721 
0.867835 
0.173140 
0.228427 
0.940768 
0.709694 
0.882884 
0.153297 
0.498015 
0.607943 
0.302077 
0.336107 
0.222378 
0.616518 
0.900131 
0.819352 
0.577246 
0.705369 
0.486895 
0.030734 
0.076610 
0.165880 
0.274877 
0.851715 
0.737080 
0.747937 
0.834195 
0.095772 
0.811389 
0.493926 
0.135505 
0.924110 
0.361761 
0.308645 
0.152537 
0.302529 
0.018338 
0.035421 
0.455826 
0.516353 
0.643364 
0.757903 
0.852460 
0.865742 
0.374420 
0.752592 
0.685095 
0.951667 
0.457960 
0.171990 
0.982401 
0.534570 
0.337869 
0.257278 
0.386285 
0.074950 
0.005215 
0.220480 
0.170722 
0.816604 
0.714406 
0.306227 
0.740713 
0.076167 
0.614872 
0.893250 
0.378696 
0.633210 
0.928671 
0.834522 
0.149563 
0.572035 
0.592425 
0.002023 
0.437777 
0.966845 
0.754615 
0.122872 
0.918512 
0.212575 
0.294861 
0.900912 
0.747145 
0.632731 
0.158190 
0.133430 
0.707681 
0.163405 
0.353911 
0.878403 
0.980008 
0.068317 
0.184630 
0.720722 
0.144484 
0.799501 
0.613972 
0.523180 
0.432711 
0.542643 
0.357702 
0.582274 
0.114678 
0.950126 
0.584297 
0.552455 
0.916971 
0.338912 
0.675326 
0.835483 
0.551487 
0.970188 
0.736395 
0.298631 
0.602919 
0.894585 
0.432061 
0.310600 
0.057990 
0.785972 
0.189002 
0.037999 
0.854289 
0.373632 
0.758721 
0.998773 
0.173134 
0.372692 
0.521953 
0.605845 
0.915335 
0.879655 
0.188119 
0.030012 
0.829781 
0.772416 
0.582467 
0.746753 
0.111327 
0.257794 
0.582236 
0.662814 
0.227981 
0.318631 
0.961445 
0.830900 
0.213217 
0.393507 
0.141500 
0.271207 
0.179479 
0.330502 
0.309206 
0.033768 
0.704135 
0.067927 
0.032541 
0.877268 
0.440619 
0.554494 
0.483113 
0.355954 
0.434149 
0.671232 
0.385966 
0.263930 
0.443647 
0.968433 
0.010683 
0.554975 
0.226227 
0.592919 
0.217788 
0.454208 
0.911551 
0.179233 
0.285109 
0.124768 
0.572740 
0.426608 
0.395975 
0.752218 
0.757111 
0.705181 
0.785986 
0.461245 
0.773108 
0.818527 
0.338513 
0.213727 
0.373020 
0.821627 
0.569681 
0.807169 
0.492858 
0.955647 
0.071100 
0.936506 
0.924080 
0.081783 
0.491481 
0.150307 
0.674702 
0.709269 
0.604516 
0.586253 
0.888502 
0.889624 
0.711021 
0.461242 
0.316233 
0.106996 
0.213461 
0.073343 
0.812177 
0.999446 
0.534588 
0.585286 
0.817973 
0.873102 
0.799013 
0.190993 
0.694728 
0.368694 
0.998163 
0.187587 
0.324341 
0.069263 
0.124093 
0.248421 
0.151046 
0.615573 
0.398729 
0.825748 
0.324842 
0.003244 
0.412001 
0.213344 
0.892868 
0.123022 
0.674586 
0.209101 
0.230018 
0.888047 
0.282444 
0.042196 
0.887493 
0.817032 
0.627481 
0.705466 
0.690134 
0.426494 
0.896460 
0.384863 
0.795188 
0.894623 
0.572449 
0.119529 
0.963885 
0.696542 
0.367950 
0.114931 
0.312115 
0.766679 
0.940679 
0.636957 
0.769923 
0.352680 
0.850302 
0.662791 
0.475702 
0.524888 
0.871892 
0.705721 
0.412935 
0.154336 
0.747916 
0.300428 
0.971368 
0.375398 
0.005894 
0.661502 
0.801892 
0.902354 
0.046365 
0.597080 
0.796977 
0.618814 
0.716609 
0.760862 
0.315356 
0.084559 
0.875793 
0.627471 
0.851238 
0.816472 
0.264429 
0.621161 
0.169152 
0.114730 
0.283953 
0.644854 
0.639618 
0.155844 
0.350575 
0.052553 
0.310180 
0.098491 
0.352981 
0.281548 
0.473889 
0.358876 
0.943050 
0.275780 
0.261230 
0.989415 
0.872860 
0.058207 
0.608229 
0.589470 
0.819069 
0.923585 
0.674029 
0.694862 
0.551057 
0.525267 
0.511334 
0.815485 
0.146429 
0.680486 
0.930216 
0.430381 
0.325340 
0.569834 
0.586226 
0.675914 
0.622387 
0.896406 
0.774405 
0.975368 
0.177954 
0.248294 
0.334243 
0.121005 
0.524074 
0.595473 
0.110420 
0.396935 
0.653680 
0.718649 
0.986404 
0.472749 
0.642234 
0.660433 
0.167611 
0.193291 
0.185701 
0.678944 
0.008776 
0.332130 
0.359430 
0.938992 
0.762511 
0.684770 
0.508825 
0.348737 
0.360684 
0.131212 
0.245143 
0.135089 
0.106580 
0.423097 
0.383383 
0.440823 
0.544101 
0.907458 
0.036297 
0.654521 
0.304392 
0.689977 
0.373170 
0.290797 
0.162725 
0.015405 
0.951230 
0.330336 
0.208695 
0.136931 
0.009281 
0.217472 
0.469061 
0.368711 
0.156463 
0.231572 
0.053480 
0.665289 
0.580308 
0.414165 
0.796501 
0.825451 
0.549254 
0.903081 
0.248548 
0.932637 
0.343904 
0.792649 
0.840095 
0.380201 
0.447171 
0.144487 
0.070177 
0.820341 
0.435284 
0.232903 
0.835745 
0.386515 
0.563239 
0.044441 
0.523446 
0.572520 
0.261912 
0.992506 
0.941230 
0.418375 
0.224078 
0.994711 
0.083664 
0.804386 
0.408875 
0.880165 
0.629837 
0.958129 
0.783246 
0.878385 
0.890766 
0.127150 
0.671034 
0.730861 
0.507351 
0.118204 
0.875349 
0.577528 
0.938545 
0.310633 
0.810431 
0.774290 
0.697148 
0.373670 
0.818731 
0.220593 
0.946190 
0.080644 
0.213100 
0.887420 
0.499019 
0.437177 
